0 0
1 0
2 0
2 1
1 1
0 1
0 2
1 2
1 3
2 3
3 3
3 4
2 4
2 5
3 5
3 6
2 6
1 6
0 6
0 7
1 7
2 7
2 8
1 8
1 9
1 10
0 10
0 11
1 11
2 11
2 12
1 12
1 13
2 13
2 14
2 15
3 15
3 14
3 13
3 12
4 12
4 11
5 11
5 10
5 9
5 8
6 8
6 7
5 7
4 7
4 6
4 5
5 5
5 6
6 6
6 5
7 5
7 6
7 7
8 7
8 6
9 6
10 6
10 5
9 5
8 5
8 4
7 4
7 3
7 2
7 1
6 1
6 0
7 0
8 0
9 0
10 0
11 0
12 0
13 0
14 0
15 0
15 1
15 2
14 2
14 3
14 4
15 4
15 3
16 3
17 3
18 3
18 4
18 5
17 5
16 5
15 5
14 5
14 6
13 6
13 7
14 7
15 7
15 6
16 6
17 6
17 7
18 7
18 8
18 9
19 9
19 8
20 8
20 9
20 10
19 10
18 10
17 10
17 11
18 11
18 12
18 13
18 14
19 14
19 15
18 15
18 16
17 16
16 16
16 15
15 15
15 16
14 16
14 15
14 14
14 13
14 12
13 12
13 13
13 14
12 14
11 14
11 15
11 16
11 17
11 18
11 19
12 19
13 19
13 18
12 18
12 17
12 16
12 15
13 15
13 16
13 17
14 17
15 17
16 17
17 17
17 18
16 18
15 18
14 18
14 19
15 19
16 19
17 19
18 19
18 18
19 18
20 18
20 19
21 19
21 18
22 18
22 19
23 19
24 19
25 19
26 19
26 18
25 18
25 17
25 16
25 15
25 14
24 14
24 13
25 13
26 13
27 13
27 12
27 11
28 11
28 12
28 13
29 13
29 14
30 14
31 14
31 15
30 15
30 16
31 16
31 17
30 17
29 17
28 17
28 16
28 15
27 15
27 16
27 17
27 18
27 19
28 19
28 18
29 18
29 19
30 19
30 18
31 18
31 19
